ALTER TABLE public.django_session OWNER TO unicatech;

--
-- Data for Name: Compras_compra; Type: TABLE DATA; Schema: public; Owner: unicatech
--

COPY public."Compras_compra" (id, criados, modificado, ativo, "identificadorCompra", "quantidadeProduto", "precoProduto", frete, descricao, conta_id, "idLocalizacao_id", produto_id, fornecedor_id, "valorDolarMedio") FROM stdin;
100	2023-10-30	2023-10-30	f	1	6	348	135	[]	16	4	5	1	4.908
101	2023-10-30	2023-10-30	f	1	4	342	135	[]	16	4	6	1	4.908
102	2023-10-30	2023-10-30	f	1	6	423	135	[]	16	4	7	1	4.908
103	2023-10-30	2023-10-30	f	1	4	418	135	[]	16	4	8	1	4.908
104	2023-10-30	2023-10-30	f	1	3	379	135	[]	16	4	9	1	4.908
105	2023-10-30	2023-10-30	f	1	5	605	135	[]	16	4	10	1	4.908
106	2023-10-30	2023-10-30	f	1	2	645	135	[]	16	4	11	1	4.908
107	2023-10-30	2023-10-30	f	1	4	499	135	[]	16	4	12	1	4.908
108	2023-10-30	2023-10-30	f	1	2	499	135	[]	16	4	13	1	4.908
109	2023-10-30	2023-10-30	f	1	1	760	135	[]	16	4	14	1	4.908
110	2023-10-30	2023-10-30	f	1	1	760	135	[]	16	4	17	1	4.908
111	2023-10-30	2023-10-30	f	1	5	172	135	[]	16	4	15	1	4.908
112	2023-10-30	2023-10-30	f	1	5	218	135	[]	16	4	16	1	4.908
113	2023-10-30	2023-10-30	f	1	6	343	135	[]	16	4	5	1	4.908
114	2023-10-30	2023-10-30	f	1	4	338	135	[]	16	4	6	1	4.908
115	2023-10-30	2023-10-30	f	1	6	418	135	[]	16	4	7	1	4.908
116	2023-10-30	2023-10-30	f	1	4	413	135	[]	16	4	8	1	4.908
117	2023-10-30	2023-10-30	f	1	3	374	135	[]	16	4	9	1	4.908
139	2023-10-30	2023-11-04	f	1	6	343	135	[]	16	4	5	1	4.908
140	2023-10-30	2023-11-04	f	1	4	338	135	[]	16	4	6	1	4.908
141	2023-10-30	2023-11-04	f	1	6	418	135	[]	16	4	7	1	4.908
142	2023-10-30	2023-11-04	f	1	4	413	135	[]	16	4	8	1	4.908
143	2023-10-30	2023-11-04	f	1	3	374	135	[]	16	4	9	1	4.908
144	2023-10-30	2023-11-04	f	1	5	600	135	[]	16	4	10	1	4.908
145	2023-10-30	2023-11-04	f	1	2	640	135	[]	16	4	11	1	4.908
146	2023-10-30	2023-11-04	f	1	4	495	135	[]	16	4	12	1	4.908
147	2023-10-30	2023-11-04	f	1	2	495	135	[]	16	4	13	1	4.908
148	2023-10-30	2023-11-04	f	1	1	755	135	[]	16	4	14	1	4.908
149	2023-10-30	2023-11-04	f	1	1	755	135	[]	16	4	17	1	4.908
150	2023-10-30	2023-11-04	f	1	5	167	135	[]	16	4	15	1	4.908
151	2023-10-30	2023-11-04	f	1	5	213	135	[]	16	4	16	1	4.908
152	2023-10-30	2023-11-04	f	1	6	343	135	[]	16	4	5	1	4.908
153	2023-10-30	2023-11-04	f	1	4	338	135	[]	16	4	6	1	4.908
154	2023-10-30	2023-11-04	f	1	6	418	135	[]	16	4	7	1	4.908
155	2023-10-30	2023-11-04	f	1	4	413	135	[]	16	4	8	1	4.908
156	2023-10-30	2023-11-04	f	1	3	374	135	[]	16	4	9	1	4.908
157	2023-10-30	2023-11-04	f	1	5	600	135	[]	16	4	10	1	4.908
158	2023-10-30	2023-11-04	f	1	2	640	135	[]	16	4	11	1	4.908
159	2023-10-30	2023-11-04	f	1	4	495	135	[]	16	4	12	1	4.908
160	2023-10-30	2023-11-04	f	1	2	495	135	[]	16	4	13	1	4.908
161	2023-10-30	2023-11-04	f	1	1	755	135	[]	16	4	14	1	4.908
162	2023-10-30	2023-11-04	f	1	1	755	135	[]	16	4	17	1	4.908
163	2023-10-30	2023-11-04	f	1	5	167	135	[]	16	4	15	1	4.908
164	2023-10-30	2023-11-04	f	1	5	213	135	[]	16	4	16	1	4.908
165	2023-10-30	2023-11-04	f	1	7	343	135	[]	16	4	5	1	4.908
166	2023-10-30	2023-11-04	f	1	4	338	135	[]	16	4	6	1	4.908
167	2023-10-30	2023-11-04	f	1	6	418	135	[]	16	4	7	1	4.908
118	2023-10-30	2023-10-30	f	1	5	600	135	[]	16	4	10	1	4.908
119	2023-10-30	2023-10-30	f	1	2	640	135	[]	16	4	11	1	4.908
120	2023-10-30	2023-10-30	f	1	4	495	135	[]	16	4	12	1	4.908
121	2023-10-30	2023-10-30	f	1	2	495	135	[]	16	4	13	1	4.908
122	2023-10-30	2023-10-30	f	1	1	755	135	[]	16	4	14	1	4.908
123	2023-10-30	2023-10-30	f	1	1	755	135	[]	16	4	17	1	4.908
124	2023-10-30	2023-10-30	f	1	5	167	135	[]	16	4	15	1	4.908
125	2023-10-30	2023-10-30	f	1	5	213	135	[]	16	4	16	1	4.908
126	2023-10-30	2023-10-31	f	1	6	343	135	[]	16	4	5	1	4.908
127	2023-10-30	2023-10-31	f	1	4	338	135	[]	16	4	6	1	4.908
128	2023-10-30	2023-10-31	f	1	6	418	135	[]	16	4	7	1	4.908
129	2023-10-30	2023-10-31	f	1	4	413	135	[]	16	4	8	1	4.908
130	2023-10-30	2023-10-31	f	1	3	374	135	[]	16	4	9	1	4.908
131	2023-10-30	2023-10-31	f	1	5	600	135	[]	16	4	10	1	4.908
132	2023-10-30	2023-10-31	f	1	2	640	135	[]	16	4	11	1	4.908
133	2023-10-30	2023-10-31	f	1	4	495	135	[]	16	4	12	1	4.908
134	2023-10-30	2023-10-31	f	1	2	495	135	[]	16	4	13	1	4.908
135	2023-10-30	2023-10-31	f	1	1	755	135	[]	16	4	14	1	4.908
136	2023-10-30	2023-10-31	f	1	1	755	135	[]	16	4	17	1	4.908
137	2023-10-30	2023-10-31	f	1	5	167	135	[]	16	4	15	1	4.908
138	2023-10-30	2023-10-31	f	1	5	213	135	[]	16	4	16	1	4.908
168	2023-10-30	2023-11-04	f	1	4	413	135	[]	16	4	8	1	4.908
169	2023-10-30	2023-11-04	f	1	3	374	135	[]	16	4	9	1	4.908
170	2023-10-30	2023-11-04	f	1	5	600	135	[]	16	4	10	1	4.908
171	2023-10-30	2023-11-04	f	1	2	640	135	[]	16	4	11	1	4.908
172	2023-10-30	2023-11-04	f	1	4	495	135	[]	16	4	12	1	4.908
173	2023-10-30	2023-11-04	f	1	2	495	135	[]	16	4	13	1	4.908
174	2023-10-30	2023-11-04	f	1	1	755	135	[]	16	4	14	1	4.908
175	2023-10-30	2023-11-04	f	1	1	755	135	[]	16	4	17	1	4.908
176	2023-10-30	2023-11-04	f	1	5	167	135	[]	16	4	15	1	4.908
177	2023-10-30	2023-11-04	f	1	5	213	135	[]	16	4	16	1	4.908
178	2023-10-30	2023-11-04	t	1	6	343	135	[]	16	4	5	1	4.908
179	2023-10-30	2023-11-04	t	1	4	338	135	[]	16	4	6	1	4.908
180	2023-10-30	2023-11-04	t	1	6	418	135	[]	16	4	7	1	4.908
181	2023-10-30	2023-11-04	t	1	4	413	135	[]	16	4	8	1	4.908
182	2023-10-30	2023-11-04	t	1	3	374	135	[]	16	4	9	1	4.908
183	2023-10-30	2023-11-04	t	1	5	600	135	[]	16	4	10	1	4.908
184	2023-10-30	2023-11-04	t	1	2	640	135	[]	16	4	11	1	4.908
185	2023-10-30	2023-11-04	t	1	4	495	135	[]	16	4	12	1	4.908
186	2023-10-30	2023-11-04	t	1	2	495	135	[]	16	4	13	1	4.908
187	2023-10-30	2023-11-04	t	1	1	755	135	[]	16	4	14	1	4.908
188	2023-10-30	2023-11-04	t	1	1	755	135	[]	16	4	17	1	4.908
189	2023-10-30	2023-11-04	t	1	5	167	135	[]	16	4	15	1	4.908
190	2023-10-30	2023-11-04	t	1	5	213	135	[]	16	4	16	1	4.908
\.
